Overlap Integrals
[[  1.00000000e+00   2.36703937e-01   0.00000000e+00  -2.18568841e-18
    0.00000000e+00   5.58180584e-02   5.58180584e-02]
 [  2.36703937e-01   1.00000000e+00   0.00000000e+00  -1.27888182e-17
    0.00000000e+00   4.84133011e-01   4.84133011e-01]
 [  0.00000000e+00   0.00000000e+00   1.00000000e+00   0.00000000e+00
    0.00000000e+00   3.18049717e-01  -3.18049717e-01]
 [ -2.18568841e-18  -1.27888182e-17   0.00000000e+00   1.00000000e+00
    0.00000000e+00   2.39803585e-01   2.39803585e-01]
 [  0.00000000e+00   0.00000000e+00   0.00000000e+00   0.00000000e+00
    1.00000000e+00   0.00000000e+00   0.00000000e+00]
 [  5.58180584e-02   4.84133011e-01   3.18049717e-01   2.39803585e-01
    0.00000000e+00   1.00000000e+00   2.54585464e-01]
 [  5.58180584e-02   4.84133011e-01  -3.18049717e-01   2.39803585e-01
    0.00000000e+00   2.54585464e-01   1.00000000e+00]]


Computing T Integrals


Kinetic Integrals
[[  2.90031999e+01  -1.68010939e-01   0.00000000e+00   8.54619753e-17
    0.00000000e+00  -1.47426193e-03  -1.47426193e-03]
 [ -1.68010939e-01   8.08127955e-01   0.00000000e+00  -1.39566465e-17
    0.00000000e+00   1.35520992e-01   1.35520992e-01]
 [  0.00000000e+00   0.00000000e+00   2.52873120e+00   0.00000000e+00
    0.00000000e+00   2.35775364e-01  -2.35775364e-01]
 [  8.54619753e-17  -1.39566465e-17   0.00000000e+00   2.52873120e+00
    0.00000000e+00   1.77770250e-01   1.77770250e-01]
 [  0.00000000e+00   0.00000000e+00   0.00000000e+00   0.00000000e+00
    2.52873120e+00   0.00000000e+00   0.00000000e+00]
 [ -1.47426193e-03   1.35520992e-01   2.35775364e-01   1.77770250e-01
    0.00000000e+00   7.60031884e-01   9.13411201e-03]
 [ -1.47426193e-03   1.35520992e-01  -2.35775364e-01   1.77770250e-01
    0.00000000e+00   9.13411201e-03   7.60031884e-01]]


Computing nuclear attraction integrals
Nuclear Attraction Integrals

[[ -6.17407147e+01  -7.44872275e+00   0.00000000e+00  -1.92562425e-02
    0.00000000e+00  -1.80853656e+00  -1.80853656e+00]
 [ -7.44872275e+00  -1.01579402e+01   0.00000000e+00  -2.25272110e-01
    0.00000000e+00  -3.96747775e+00  -3.96747775e+00]
 [  0.00000000e+00   0.00000000e+00  -1.01633414e+01   0.00000000e+00
    0.00000000e+00  -2.32054539e+00   2.32054539e+00]
 [ -1.92562425e-02  -2.25272110e-01   0.00000000e+00  -1.00922643e+01
    0.00000000e+00  -1.82354656e+00  -1.82354656e+00]
 [  0.00000000e+00   0.00000000e+00   0.00000000e+00   0.00000000e+00
   -9.99862496e+00   0.00000000e+00   0.00000000e+00]
 [ -1.80853656e+00  -3.96747775e+00  -2.32054539e+00  -1.82354656e+00
    0.00000000e+00  -5.89312208e+00  -1.65388382e+00]
 [ -1.80853656e+00  -3.96747775e+00   2.32054539e+00  -1.82354656e+00
    0.00000000e+00  -1.65388382e+00  -5.89312208e+00]]
2-e integrals
2-e integral printing suppressed
Beginning Iteration number  0
-----------------------------




Computing G matrix
[[ 0.  0.  0.  0.  0.  0.  0.]
 [ 0.  0.  0.  0.  0.  0.  0.]
 [ 0.  0.  0.  0.  0.  0.  0.]
 [ 0.  0.  0.  0.  0.  0.  0.]
 [ 0.  0.  0.  0.  0.  0.  0.]
 [ 0.  0.  0.  0.  0.  0.  0.]
 [ 0.  0.  0.  0.  0.  0.  0.]]

Computing Fock Matrix
[[ -3.27375147e+01  -7.61673368e+00   0.00000000e+00  -1.92562425e-02
    0.00000000e+00  -1.81001083e+00  -1.81001083e+00]
 [ -7.61673368e+00  -9.34981223e+00   0.00000000e+00  -2.25272110e-01
    0.00000000e+00  -3.83195676e+00  -3.83195676e+00]
 [  0.00000000e+00   0.00000000e+00  -7.63461024e+00   0.00000000e+00
    0.00000000e+00  -2.08477002e+00   2.08477002e+00]
 [ -1.92562425e-02  -2.25272110e-01   0.00000000e+00  -7.56353311e+00
    0.00000000e+00  -1.64577631e+00  -1.64577631e+00]
 [  0.00000000e+00   0.00000000e+00   0.00000000e+00   0.00000000e+00
   -7.46989376e+00   0.00000000e+00   0.00000000e+00]
 [ -1.81001083e+00  -3.83195676e+00  -2.08477002e+00  -1.64577631e+00
    0.00000000e+00  -5.13309020e+00  -1.64474971e+00]
 [ -1.81001083e+00  -3.83195676e+00   2.08477002e+00  -1.64577631e+00
    0.00000000e+00  -1.64474971e+00  -5.13309020e+00]]
Electronic energy =  0.0
Sorted Orbital Energies
[[-32.73850703   0.           0.           0.           0.           0.
    0.        ]
 [  0.          -8.32173275   0.           0.           0.           0.
    0.        ]
 [  0.           0.          -7.76311349   0.           0.           0.
    0.        ]
 [  0.           0.           0.          -7.4769955    0.           0.
    0.        ]
 [  0.           0.           0.           0.          -7.46989376   0.
    0.        ]
 [  0.           0.           0.           0.           0.          -4.2549464
    0.        ]
 [  0.           0.           0.           0.           0.           0.
   -4.22482612]]

Coefficients Sorted
[[  9.93340131e-01   1.05233536e-01   5.24174537e-16   4.68990537e-02
    0.00000000e+00   2.68579705e-16  -1.32908634e-03]
 [  1.13642592e-01  -8.87738086e-01  -2.97851732e-15  -4.10083591e-01
    0.00000000e+00   5.64287343e-14   1.75607235e-01]
 [  8.50540718e-17   1.56652655e-14  -9.98151627e-01  -3.07431969e-14
    0.00000000e+00  -6.07727659e-02   2.38609791e-14]
 [  6.48789483e-04  -4.11244368e-01  -3.05800125e-14   9.10338601e-01
    0.00000000e+00   1.33673004e-14   4.64895695e-02]
 [  0.00000000e+00   0.00000000e+00   0.00000000e+00   0.00000000e+00
    1.00000000e+00   0.00000000e+00   0.00000000e+00]
 [  1.34224650e-02  -1.25946545e-01  -4.29728349e-02  -2.13957727e-02
    0.00000000e+00   7.05799784e-01  -6.95341302e-01]
 [  1.34224650e-02  -1.25946545e-01   4.29728349e-02  -2.13957727e-02
    0.00000000e+00  -7.05799784e-01  -6.95341302e-01]]
Updating Density Matrix
Density Matrix
[[  2.13529374e+00  -6.12728284e-01   1.50301645e-15  -5.77677879e-02
    0.00000000e+00   8.91549782e-02   8.91549782e-02]
 [ -6.12728284e-01   2.76722120e+00  -7.25198482e-15   3.59951094e-01
    0.00000000e+00  -3.99982834e-01  -3.99982834e-01]
 [  1.50301645e-15  -7.25198482e-15   2.41263912e+00  -1.16818361e-14
    0.00000000e+00  -4.03386984e-01   4.03386984e-01]
 [ -5.77677879e-02   3.59951094e-01  -1.16818361e-14   2.19347374e+00
    0.00000000e+00  -2.54743588e-01  -2.54743588e-01]
 [  0.00000000e+00   0.00000000e+00   0.00000000e+00   0.00000000e+00
    2.00000000e+00   0.00000000e+00   0.00000000e+00]
 [  8.91549782e-02  -3.99982834e-01  -4.03386984e-01  -2.54743588e-01
    0.00000000e+00   1.44406594e-01   9.51608507e-03]
 [  8.91549782e-02  -3.99982834e-01   4.03386984e-01  -2.54743588e-01
    0.00000000e+00   9.51608507e-03   1.44406594e-01]]
Testing Convergence
Found rms value of  0.601834926448
Total electronic Energy:  0.0
Total Energy:   9.32945554209
Density matrix not converged:
Fill it up again, I'm gonna do one more
Beginning Iteration number  1
-----------------------------




Computing G matrix
[[  1.38558915e+01   2.72435352e+00  -2.29308759e-17   3.66158997e-03
    0.00000000e+00   6.37228180e-01   6.37228180e-01]
 [  2.72435352e+00   7.44368199e+00  -5.15212872e-16  -6.91780046e-03
    0.00000000e+00   3.03566844e+00   3.03566844e+00]
 [ -2.43403388e-17  -5.14345511e-16   7.68642408e+00   1.57968257e-15
    0.00000000e+00   1.87389512e+00  -1.87389512e+00]
 [  3.66158997e-03  -6.91780046e-03   1.57274367e-15   7.68833672e+00
    0.00000000e+00   1.40956778e+00   1.40956778e+00]
 [  0.00000000e+00   0.00000000e+00   0.00000000e+00   0.00000000e+00
    7.69017560e+00   0.00000000e+00   0.00000000e+00]
 [  6.37228180e-01   3.03566844e+00   1.87389512e+00   1.40956778e+00
    0.00000000e+00   4.85703810e+00   1.33380808e+00]
 [  6.37228180e-01   3.03566844e+00  -1.87389512e+00   1.40956778e+00
    0.00000000e+00   1.33380808e+00   4.85703810e+00]]

Computing Fock Matrix
[[ -1.88816232e+01  -4.89238017e+00  -2.29308759e-17  -1.55946525e-02
    0.00000000e+00  -1.17278265e+00  -1.17278265e+00]
 [ -4.89238017e+00  -1.90613024e+00  -5.15212872e-16  -2.32189910e-01
    0.00000000e+00  -7.96288320e-01  -7.96288320e-01]
 [ -2.43403388e-17  -5.14345511e-16   5.18138367e-02   1.57968257e-15
    0.00000000e+00  -2.10874903e-01   2.10874903e-01]
 [ -1.55946525e-02  -2.32189910e-01   1.57274367e-15   1.24803619e-01
    0.00000000e+00  -2.36208532e-01  -2.36208532e-01]
 [  0.00000000e+00   0.00000000e+00   0.00000000e+00   0.00000000e+00
    2.20281844e-01   0.00000000e+00   0.00000000e+00]
 [ -1.17278265e+00  -7.96288320e-01  -2.10874903e-01  -2.36208532e-01
    0.00000000e+00  -2.76052102e-01  -3.10941628e-01]
 [ -1.17278265e+00  -7.96288320e-01   2.10874903e-01  -2.36208532e-01
    0.00000000e+00  -3.10941628e-01  -2.76052102e-01]]
Electronic energy =  -82.556268858
Sorted Orbital Energies
[[-18.89339789   0.           0.           0.           0.           0.
    0.        ]
 [  0.          -0.79803191   0.           0.           0.           0.
    0.        ]
 [  0.           0.          -0.19469047   0.           0.           0.
    0.        ]
 [  0.           0.           0.           0.11191122   0.           0.
    0.        ]
 [  0.           0.           0.           0.           0.22028184   0.
    0.        ]
 [  0.           0.           0.           0.           0.           0.66885004
    0.        ]
 [  0.           0.           0.           0.           0.           0.
    0.82401298]]

Coefficients Sorted
[[ -9.89271535e-01  -1.25613064e-01  -5.70509470e-16  -6.19435211e-02
    0.00000000e+00  -4.15474364e-02   2.93477501e-16]
 [ -1.44811225e-01   7.79528459e-01   2.50122057e-15   4.80763869e-01
    0.00000000e+00   3.74474556e-01  -3.23470278e-16]
 [ -1.49581952e-17   8.37188705e-16  -7.19528612e-01   2.11634015e-15
    0.00000000e+00   1.02317981e-14  -6.94462797e-01]
 [ -1.94982959e-03   2.26013622e-01   2.67888051e-15  -7.99988631e-01
    0.00000000e+00   5.55816725e-01  -2.51003396e-15]
 [  0.00000000e+00   0.00000000e+00   0.00000000e+00   0.00000000e+00
    1.00000000e+00   0.00000000e+00   0.00000000e+00]
 [ -1.35598371e-02   4.03407103e-01  -4.91059353e-01  -2.50047289e-01
    0.00000000e+00  -5.23980145e-01   5.08783561e-01]
 [ -1.35598371e-02   4.03407103e-01   4.91059353e-01  -2.50047289e-01
    0.00000000e+00  -5.23980145e-01  -5.08783561e-01]]
Updating Density Matrix
Density Matrix
[[  2.11043912e+00  -4.71674490e-01   8.08712307e-16   1.07966717e-01
    0.00000000e+00  -1.10301370e-02  -1.10301370e-02]
 [ -4.71674490e-01   2.12958123e+00  -6.28526315e-16  -6.37132608e-01
    0.00000000e+00  -1.40358187e-01  -1.40358187e-01]
 [  8.08712307e-16  -6.28526315e-16   6.50740133e-01  -5.80530417e-15
    0.00000000e+00   5.38456900e-01  -5.38456900e-01]
 [  1.07966717e-01  -6.37132608e-01  -5.80530417e-15   1.10794151e+00
    0.00000000e+00   5.20512569e-01   5.20512569e-01]
 [  0.00000000e+00   0.00000000e+00   0.00000000e+00   0.00000000e+00
    2.00000000e+00   0.00000000e+00   0.00000000e+00]
 [ -1.10301370e-02  -1.40358187e-01   5.38456900e-01   5.20512569e-01
    0.00000000e+00   7.04725154e-01  -1.86370440e-01]
 [ -1.10301370e-02  -1.40358187e-01  -5.38456900e-01   5.20512569e-01
    0.00000000e+00  -1.86370440e-01   7.04725154e-01]]
Testing Convergence
Found rms value of  0.280402932773
Total electronic Energy:  -82.556268858
Total Energy:   -73.2268133159
Density matrix not converged:
Fill it up again, I'm gonna do one more
Beginning Iteration number  2
-----------------------------




Computing G matrix
[[  1.24106535e+01   2.43557243e+00  -7.06899816e-17  -1.03475592e-02
    0.00000000e+00   5.70271060e-01   5.70271060e-01]
 [  2.43557243e+00   6.85006831e+00   9.12464548e-16   1.02538900e-01
    0.00000000e+00   2.77487450e+00   2.77487450e+00]
 [ -7.11236625e-17   9.15933995e-16   7.27786501e+00   1.61979805e-15
    0.00000000e+00   1.67816236e+00  -1.67816236e+00]
 [ -1.03475592e-02   1.02538900e-01   1.62240013e-15   7.19024071e+00
    0.00000000e+00   1.27244566e+00   1.27244566e+00]
 [  0.00000000e+00   0.00000000e+00   0.00000000e+00   0.00000000e+00
    7.02718954e+00   0.00000000e+00   0.00000000e+00]
 [  5.70271060e-01   2.77487450e+00   1.67816236e+00   1.27244566e+00
    0.00000000e+00   4.52485833e+00   1.23641758e+00]
 [  5.70271060e-01   2.77487450e+00  -1.67816236e+00   1.27244566e+00
    0.00000000e+00   1.23641758e+00   4.52485833e+00]]

Computing Fock Matrix
[[ -2.03268612e+01  -5.18116125e+00  -7.06899816e-17  -2.96038017e-02
    0.00000000e+00  -1.23973977e+00  -1.23973977e+00]
 [ -5.18116125e+00  -2.49974392e+00   9.12464548e-16  -1.22733210e-01
    0.00000000e+00  -1.05708226e+00  -1.05708226e+00]
 [ -7.11236625e-17   9.15933995e-16  -3.56745229e-01   1.61979805e-15
    0.00000000e+00  -4.06607659e-01   4.06607659e-01]
 [ -2.96038017e-02  -1.22733210e-01   1.62240013e-15  -3.73292398e-01
    0.00000000e+00  -3.73330650e-01  -3.73330650e-01]
 [  0.00000000e+00   0.00000000e+00   0.00000000e+00   0.00000000e+00
   -4.42704218e-01   0.00000000e+00   0.00000000e+00]
 [ -1.23973977e+00  -1.05708226e+00  -4.06607659e-01  -3.73330650e-01
    0.00000000e+00  -6.08231866e-01  -4.08332122e-01]
 [ -1.23973977e+00  -1.05708226e+00   4.06607659e-01  -3.73330650e-01
    0.00000000e+00  -4.08332122e-01  -6.08231866e-01]]
Electronic energy =  -84.2771365025
Sorted Orbital Energies
[[-20.33551465   0.           0.           0.           0.           0.
    0.        ]
 [  0.          -1.31089628   0.           0.           0.           0.
    0.        ]
 [  0.           0.          -0.64527669   0.           0.           0.
    0.        ]
 [  0.           0.           0.          -0.48378681   0.           0.
    0.        ]
 [  0.           0.           0.           0.          -0.44270422   0.
    0.        ]
 [  0.           0.           0.           0.           0.           0.60213567
    0.        ]
 [  0.           0.           0.           0.           0.           0.
    0.74003395]]

Coefficients Sorted
[[  9.89869398e-01  -1.28364350e-01  -3.46470683e-17   4.27234747e-02
    0.00000000e+00   4.30798427e-02  -6.11399712e-16]
 [  1.40675134e-01   8.29548245e-01   1.29511311e-15  -3.65758152e-01
    0.00000000e+00  -3.97845686e-01   7.85427009e-15]
 [  1.84960686e-17  -1.44201306e-15   7.46968507e-01   3.00165890e-15
    0.00000000e+00  -9.48423913e-15  -6.64859421e-01]
 [  2.30915367e-03   1.28966888e-01  -2.29572606e-16   8.49623333e-01
    0.00000000e+00  -5.11373056e-01   8.54772250e-15]
 [  0.00000000e+00   0.00000000e+00   0.00000000e+00   0.00000000e+00
    1.00000000e+00   0.00000000e+00   0.00000000e+00]
 [  1.34860861e-02   3.73322812e-01   4.70126605e-01   2.66960551e-01
    0.00000000e+00   5.37754840e-01   5.28186497e-01]
 [  1.34860861e-02   3.73322812e-01  -4.70126605e-01   2.66960551e-01
    0.00000000e+00   5.37754840e-01  -5.28186497e-01]]
Updating Density Matrix
Density Matrix
[[  2.10782441e+00  -4.54253347e-01   1.68647244e-15   1.05484450e-01
    0.00000000e+00  -2.32949510e-02  -2.32949510e-02]
 [ -4.54253347e-01   2.01360336e+00  -5.48647584e-15  -6.17146032e-01
    0.00000000e+00  -5.94012991e-02  -5.94012991e-02]
 [  1.68647244e-15  -5.48647584e-15   7.47238957e-01   4.36573260e-15
    0.00000000e+00   5.35317617e-01  -5.35317617e-01]
 [  1.05484450e-01  -6.17146032e-01   4.36573260e-15   1.23099678e+00
    0.00000000e+00   4.81208146e-01   4.81208146e-01]
 [  0.00000000e+00   0.00000000e+00   0.00000000e+00   0.00000000e+00
    2.00000000e+00   0.00000000e+00   0.00000000e+00]
 [ -2.32949510e-02  -5.94012991e-02   5.35317617e-01   4.81208146e-01
    0.00000000e+00   5.91246092e-01  -1.75750726e-01]
 [ -2.32949510e-02  -5.94012991e-02  -5.35317617e-01   4.81208146e-01
    0.00000000e+00  -1.75750726e-01   5.91246092e-01]]
Testing Convergence
Found rms value of  0.00200709518769
Total electronic Energy:  -84.2771365025
Total Energy:   -74.9476809604
Density matrix not converged:
Fill it up again, I'm gonna do one more
Beginning Iteration number  3
-----------------------------




Computing G matrix
[[  1.25138604e+01   2.45555195e+00  -1.79977561e-16  -1.00976486e-02
    0.00000000e+00   5.74708747e-01   5.74708747e-01]
 [  2.45555195e+00   6.89925508e+00   1.16920362e-15   9.28796669e-02
    0.00000000e+00   2.78572911e+00   2.78572911e+00]
 [ -1.81278603e-16   1.15879528e-15   7.30182223e+00  -2.34317774e-15
    0.00000000e+00   1.68314129e+00  -1.68314129e+00]
 [ -1.00976486e-02   9.28796669e-02  -2.34838191e-15   7.21366451e+00
    0.00000000e+00   1.27767066e+00   1.27767066e+00]
 [  0.00000000e+00   0.00000000e+00   0.00000000e+00   0.00000000e+00
    7.08036089e+00   0.00000000e+00   0.00000000e+00]
 [  5.74708747e-01   2.78572911e+00   1.68314129e+00   1.27767066e+00
    0.00000000e+00   4.53896326e+00   1.23952181e+00]
 [  5.74708747e-01   2.78572911e+00  -1.68314129e+00   1.27767066e+00
    0.00000000e+00   1.23952181e+00   4.53896326e+00]]

Computing Fock Matrix
[[ -2.02236543e+01  -5.16118173e+00  -1.79977561e-16  -2.93538911e-02
    0.00000000e+00  -1.23530208e+00  -1.23530208e+00]
 [ -5.16118173e+00  -2.45055715e+00   1.16920362e-15  -1.32392443e-01
    0.00000000e+00  -1.04622765e+00  -1.04622765e+00]
 [ -1.81278603e-16   1.15879528e-15  -3.32788012e-01  -2.34317774e-15
    0.00000000e+00  -4.01628733e-01   4.01628733e-01]
 [ -2.93538911e-02  -1.32392443e-01  -2.34838191e-15  -3.49868593e-01
    0.00000000e+00  -3.68105653e-01  -3.68105653e-01]
 [  0.00000000e+00   0.00000000e+00   0.00000000e+00   0.00000000e+00
   -3.89532864e-01   0.00000000e+00   0.00000000e+00]
 [ -1.23530208e+00  -1.04622765e+00  -4.01628733e-01  -3.68105653e-01
    0.00000000e+00  -5.94126941e-01  -4.05227898e-01]
 [ -1.23530208e+00  -1.04622765e+00   4.01628733e-01  -3.68105653e-01
    0.00000000e+00  -4.05227898e-01  -5.94126941e-01]]
Electronic energy =  -84.2886342485
Sorted Orbital Energies
[[-20.23253267   0.           0.           0.           0.           0.
    0.        ]
 [  0.          -1.27393198   0.           0.           0.           0.
    0.        ]
 [  0.           0.          -0.62679878   0.           0.           0.
    0.        ]
 [  0.           0.           0.          -0.44720214   0.           0.
    0.        ]
 [  0.           0.           0.           0.          -0.38953286   0.
    0.        ]
 [  0.           0.           0.           0.           0.           0.61928669
    0.        ]
 [  0.           0.           0.           0.           0.           0.
    0.76302987]]

Coefficients Sorted
[[ -9.89826607e-01  -1.27344247e-01   8.92777917e-16  -4.51757245e-02
    0.00000000e+00  -4.45632624e-02  -9.87426774e-17]
 [ -1.40971408e-01   8.18366389e-01  -6.19436956e-15   3.79883551e-01
    0.00000000e+00   4.07543866e-01  -1.30139225e-15]
 [ -2.23986451e-17  -6.40709822e-16   7.44297013e-01   1.16578872e-14
    0.00000000e+00   2.31217860e-15   6.67848752e-01]
 [ -2.31945813e-03   1.43363087e-01   1.42812521e-14  -8.51249595e-01
    0.00000000e+00   5.04792802e-01  -3.39585230e-15]
 [  0.00000000e+00   0.00000000e+00   0.00000000e+00   0.00000000e+00
    1.00000000e+00   0.00000000e+00   0.00000000e+00]
 [ -1.35086996e-02   3.83084143e-01   4.72240382e-01  -2.53989930e-01
    0.00000000e+00  -5.37171453e-01  -5.26297465e-01]
 [ -1.35086996e-02   3.83084143e-01  -4.72240382e-01  -2.53989930e-01
    0.00000000e+00  -5.37171453e-01   5.26297465e-01]]
Updating Density Matrix
Density Matrix
[[  2.10633023e+00  -4.46167384e-01   1.46491701e-15   1.08101477e-01
    0.00000000e+00  -2.82114059e-02  -2.82114059e-02]
 [ -4.46167384e-01   1.97278954e+00  -4.10414291e-15  -6.23187404e-01
    0.00000000e+00  -3.86846148e-02  -3.86846148e-02]
 [  1.46491701e-15  -4.10414291e-15   7.37462409e-01   3.46703503e-15
    0.00000000e+00   5.35956711e-01  -5.35956711e-01]
 [  1.08101477e-01  -6.23187404e-01   3.46703503e-15   1.24881102e+00
    0.00000000e+00   4.73576161e-01   4.73576161e-01]
 [  0.00000000e+00   0.00000000e+00   0.00000000e+00   0.00000000e+00
    2.00000000e+00   0.00000000e+00   0.00000000e+00]
 [ -2.82114059e-02  -3.86846148e-02   5.35956711e-01   4.73576161e-01
    0.00000000e+00   5.92860925e-01  -1.86160737e-01]
 [ -2.82114059e-02  -3.86846148e-02  -5.35956711e-01   4.73576161e-01
    0.00000000e+00  -1.86160737e-01   5.92860925e-01]]
Testing Convergence
Found rms value of  9.32320967544e-05
Total electronic Energy:  -84.2886342485
Total Energy:   -74.9591787064
Density matrix not converged:
Fill it up again, I'm gonna do one more
Beginning Iteration number  4
-----------------------------




Computing G matrix
[[  1.25071088e+01   2.45380443e+00  -2.04263689e-16  -1.04628739e-02
    0.00000000e+00   5.74352804e-01   5.74352804e-01]
 [  2.45380443e+00   6.89865219e+00   2.22044605e-16   9.38419903e-02
    0.00000000e+00   2.78375080e+00   2.78375080e+00]
 [ -2.01661604e-16   2.28983499e-16   7.30151444e+00  -1.10545254e-15
    0.00000000e+00   1.68240628e+00  -1.68240628e+00]
 [ -1.04628739e-02   9.38419903e-02  -1.09417683e-15   7.20741997e+00
    0.00000000e+00   1.27818936e+00   1.27818936e+00]
 [  0.00000000e+00   0.00000000e+00   0.00000000e+00   0.00000000e+00
    7.07777513e+00   0.00000000e+00   0.00000000e+00]
 [  5.74352804e-01   2.78375080e+00   1.68240628e+00   1.27818936e+00
    0.00000000e+00   4.53655017e+00   1.23894791e+00]
 [  5.74352804e-01   2.78375080e+00  -1.68240628e+00   1.27818936e+00
    0.00000000e+00   1.23894791e+00   4.53655017e+00]]

Computing Fock Matrix
[[ -2.02304060e+01  -5.16292926e+00  -2.04263689e-16  -2.97191164e-02
    0.00000000e+00  -1.23565802e+00  -1.23565802e+00]
 [ -5.16292926e+00  -2.45116004e+00   2.22044605e-16  -1.31430120e-01
    0.00000000e+00  -1.04820597e+00  -1.04820597e+00]
 [ -2.01661604e-16   2.28983499e-16  -3.33095807e-01  -1.10545254e-15
    0.00000000e+00  -4.02363748e-01   4.02363748e-01]
 [ -2.97191164e-02  -1.31430120e-01  -1.09417683e-15  -3.56113137e-01
    0.00000000e+00  -3.67586955e-01  -3.67586955e-01]
 [  0.00000000e+00   0.00000000e+00   0.00000000e+00   0.00000000e+00
   -3.92118629e-01   0.00000000e+00   0.00000000e+00]
 [ -1.23565802e+00  -1.04820597e+00  -4.02363748e-01  -3.67586955e-01
    0.00000000e+00  -5.96540030e-01  -4.05801794e-01]
 [ -1.23565802e+00  -1.04820597e+00   4.02363748e-01  -3.67586955e-01
    0.00000000e+00  -4.05801794e-01  -5.96540030e-01]]
Electronic energy =  -84.289217591
Sorted Orbital Energies
[[-20.23929201   0.           0.           0.           0.           0.
    0.        ]
 [  0.          -1.27500783   0.           0.           0.           0.
    0.        ]
 [  0.           0.          -0.62841776   0.           0.           0.
    0.        ]
 [  0.           0.           0.          -0.45080088   0.           0.
    0.        ]
 [  0.           0.           0.           0.          -0.39211863   0.
    0.        ]
 [  0.           0.           0.           0.           0.           0.61756644
    0.        ]
 [  0.           0.           0.           0.           0.           0.
    0.76256169]]

Coefficients Sorted
[[  9.89826331e-01  -1.27247172e-01   6.79287369e-16   4.50466375e-02
    0.00000000e+00   4.49754685e-02  -6.07938994e-16]
 [  1.40973790e-01   8.17487461e-01  -4.39035874e-15  -3.78580259e-01
    0.00000000e+00  -4.10508987e-01   7.54665732e-15]
 [  2.43580931e-17   3.81501925e-16   7.43669472e-01  -6.01173981e-15
    0.00000000e+00  -1.11898861e-14  -6.68547468e-01]
 [  2.33877876e-03   1.43231713e-01   9.08812845e-15   8.53475066e-01
    0.00000000e+00  -5.01058398e-01   9.08565287e-15]
 [  0.00000000e+00   0.00000000e+00   0.00000000e+00   0.00000000e+00
    1.00000000e+00   0.00000000e+00   0.00000000e+00]
 [  1.35047351e-02   3.84061899e-01   4.72734448e-01   2.51225098e-01
    0.00000000e+00   5.37773214e-01   5.25853727e-01]
 [  1.35047351e-02   3.84061899e-01  -4.72734448e-01   2.51225098e-01
    0.00000000e+00   5.37773214e-01  -5.25853727e-01]]
Updating Density Matrix
Density Matrix
[[  2.10588070e+00  -4.43642582e-01   1.45802852e-15   1.08423531e-01
    0.00000000e+00  -2.98441985e-02  -2.98441985e-02]
 [ -4.43642582e-01   1.95921570e+00  -4.68516476e-15  -6.22491728e-01
    0.00000000e+00  -3.07631284e-02  -3.07631284e-02]
 [  1.45802852e-15  -4.68516476e-15   7.35178085e-01   4.59838803e-15
    0.00000000e+00   5.36095999e-01  -5.36095999e-01]
 [  1.08423531e-01  -6.22491728e-01   4.59838803e-15   1.25891558e+00
    0.00000000e+00   4.69590839e-01   4.69590839e-01]
 [  0.00000000e+00   0.00000000e+00   0.00000000e+00   0.00000000e+00
    2.00000000e+00   0.00000000e+00   0.00000000e+00]
 [ -2.98441985e-02  -3.07631284e-02   5.36095999e-01   4.69590839e-01
    0.00000000e+00   5.90914902e-01  -1.90933538e-01]
 [ -2.98441985e-02  -3.07631284e-02  -5.36095999e-01   4.69590839e-01
    0.00000000e+00  -1.90933538e-01   5.90914902e-01]]
Testing Convergence
Found rms value of  1.39612625533e-05
Total electronic Energy:  -84.289217591
Total Energy:   -74.9597620489
Density matrix not converged:
Fill it up again, I'm gonna do one more
Beginning Iteration number  5
-----------------------------




Computing G matrix
[[  1.25080228e+01   2.45386780e+00  -1.23165367e-16  -1.04899768e-02
    0.00000000e+00   5.74384847e-01   5.74384847e-01]
 [  2.45386780e+00   6.89973752e+00   5.62050406e-16   9.38132641e-02
    0.00000000e+00   2.78356055e+00   2.78356055e+00]
 [ -1.25767452e-16   5.72458747e-16   7.30262254e+00  -1.93551772e-15
    0.00000000e+00   1.68241530e+00  -1.68241530e+00]
 [ -1.04899768e-02   9.38132641e-02  -1.93118091e-15   7.20594663e+00
    0.00000000e+00   1.27855395e+00   1.27855395e+00]
 [  0.00000000e+00   0.00000000e+00   0.00000000e+00   0.00000000e+00
    7.07846021e+00   0.00000000e+00   0.00000000e+00]
 [  5.74384847e-01   2.78356055e+00   1.68241530e+00   1.27855395e+00
    0.00000000e+00   4.53644576e+00   1.23912631e+00]
 [  5.74384847e-01   2.78356055e+00  -1.68241530e+00   1.27855395e+00
    0.00000000e+00   1.23912631e+00   4.53644576e+00]]

Computing Fock Matrix
[[ -2.02294919e+01  -5.16286589e+00  -1.23165367e-16  -2.97462193e-02
    0.00000000e+00  -1.23562598e+00  -1.23562598e+00]
 [ -5.16286589e+00  -2.45007471e+00   5.62050406e-16  -1.31458846e-01
    0.00000000e+00  -1.04839621e+00  -1.04839621e+00]
 [ -1.25767452e-16   5.72458747e-16  -3.31987703e-01  -1.93551772e-15
    0.00000000e+00  -4.02354722e-01   4.02354722e-01]
 [ -2.97462193e-02  -1.31458846e-01  -1.93118091e-15  -3.57586478e-01
    0.00000000e+00  -3.67222358e-01  -3.67222358e-01]
 [  0.00000000e+00   0.00000000e+00   0.00000000e+00   0.00000000e+00
   -3.91433544e-01   0.00000000e+00   0.00000000e+00]
 [ -1.23562598e+00  -1.04839621e+00  -4.02354722e-01  -3.67222358e-01
    0.00000000e+00  -5.96644436e-01  -4.05623392e-01]
 [ -1.23562598e+00  -1.04839621e+00   4.02354722e-01  -3.67222358e-01
    0.00000000e+00  -4.05623392e-01  -5.96644436e-01]]
Electronic energy =  -84.2892969756
Sorted Orbital Energies
[[-20.23838549   0.           0.           0.           0.           0.
    0.        ]
 [  0.          -1.27433747   0.           0.           0.           0.
    0.        ]
 [  0.           0.          -0.62811187   0.           0.           0.
    0.        ]
 [  0.           0.           0.          -0.45092984   0.           0.
    0.        ]
 [  0.           0.           0.           0.          -0.39143354   0.
    0.        ]
 [  0.           0.           0.           0.           0.           0.61743944
    0.        ]
 [  0.           0.           0.           0.           0.           0.
    0.76323482]]

Coefficients Sorted
[[  9.89825160e-01  -1.27200966e-01   8.22123186e-16   4.50545711e-02
    0.00000000e+00   4.51237386e-02   6.45354121e-17]
 [  1.40982076e-01   8.17026569e-01  -5.17839939e-15  -3.78393357e-01
    0.00000000e+00  -4.11594591e-01   1.76826200e-15]
 [  1.97578372e-17   2.76900386e-16   7.43244021e-01  -7.57440322e-15
    0.00000000e+00  -5.75602461e-16  -6.69020422e-01]
 [  2.34119898e-03   1.43614550e-01   1.04106439e-14   8.54312720e-01
    0.00000000e+00  -4.99518925e-01   4.44732268e-15]
 [  0.00000000e+00   0.00000000e+00   0.00000000e+00   0.00000000e+00
    1.00000000e+00   0.00000000e+00   0.00000000e+00]
 [  1.35041652e-02   3.84488206e-01   4.73068877e-01   2.49938322e-01
    0.00000000e+00   5.38068111e-01   5.25552888e-01]
 [  1.35041652e-02   3.84488206e-01  -4.73068877e-01   2.49938322e-01
    0.00000000e+00   5.38068111e-01  -5.25552888e-01]]
Updating Density Matrix
Density Matrix
[[  2.10571605e+00  -4.42710358e-01   1.56279929e-15   1.08493791e-01
    0.00000000e+00  -3.04567417e-02  -3.04567417e-02]
 [ -4.42710358e-01   1.95413945e+00  -4.36678606e-15  -6.21970258e-01
    0.00000000e+00  -2.77112964e-02  -2.77112964e-02]
 [  1.56279929e-15  -4.36678606e-15   7.33632028e-01   4.89232986e-15
    0.00000000e+00   5.36188100e-01  -5.36188100e-01]
 [  1.08493791e-01  -6.21970258e-01   4.89232986e-15   1.26307359e+00
    0.00000000e+00   4.67955909e-01   4.67955909e-01]
 [  0.00000000e+00   0.00000000e+00   0.00000000e+00   0.00000000e+00
    2.00000000e+00   0.00000000e+00   0.00000000e+00]
 [ -3.04567417e-02  -2.77112964e-02   5.36188100e-01   4.67955909e-01
    0.00000000e+00   5.90453208e-01  -1.93312134e-01]
 [ -3.04567417e-02  -2.77112964e-02  -5.36188100e-01   4.67955909e-01
    0.00000000e+00  -1.93312134e-01   5.90453208e-01]]
Testing Convergence
Found rms value of  2.2242830398e-06
Total electronic Energy:  -84.2892969756
Total Energy:   -74.9598414335
Density matrix not converged:
Fill it up again, I'm gonna do one more
Beginning Iteration number  6
-----------------------------




Computing G matrix
[[  1.25081904e+01   2.45385816e+00  -2.19876201e-16  -1.04867684e-02
    0.00000000e+00   5.74390492e-01   5.74390492e-01]
 [  2.45385816e+00   6.90006112e+00   1.83880688e-16   9.38161112e-02
    0.00000000e+00   2.78347283e+00   2.78347283e+00]
 [ -2.21177243e-16   1.83880688e-16   7.30312731e+00  -1.60938970e-15
    0.00000000e+00   1.68242105e+00  -1.68242105e+00]
 [ -1.04867684e-02   9.38161112e-02  -1.62066541e-15   7.20523345e+00
    0.00000000e+00   1.27870056e+00   1.27870056e+00]
 [  0.00000000e+00   0.00000000e+00   0.00000000e+00   0.00000000e+00
    7.07862690e+00   0.00000000e+00   0.00000000e+00]
 [  5.74390492e-01   2.78347283e+00   1.68242105e+00   1.27870056e+00
    0.00000000e+00   4.53640590e+00   1.23923987e+00]
 [  5.74390492e-01   2.78347283e+00  -1.68242105e+00   1.27870056e+00
    0.00000000e+00   1.23923987e+00   4.53640590e+00]]

Computing Fock Matrix
[[ -2.02293243e+01  -5.16287552e+00  -2.19876201e-16  -2.97430109e-02
    0.00000000e+00  -1.23562033e+00  -1.23562033e+00]
 [ -5.16287552e+00  -2.44975111e+00   1.83880688e-16  -1.31455999e-01
    0.00000000e+00  -1.04848393e+00  -1.04848393e+00]
 [ -2.21177243e-16   1.83880688e-16  -3.31482932e-01  -1.60938970e-15
    0.00000000e+00  -4.02348969e-01   4.02348969e-01]
 [ -2.97430109e-02  -1.31455999e-01  -1.62066541e-15  -3.58299654e-01
    0.00000000e+00  -3.67075752e-01  -3.67075752e-01]
 [  0.00000000e+00   0.00000000e+00   0.00000000e+00   0.00000000e+00
   -3.91266859e-01   0.00000000e+00   0.00000000e+00]
 [ -1.23562033e+00  -1.04848393e+00  -4.02348969e-01  -3.67075752e-01
    0.00000000e+00  -5.96684302e-01  -4.05509838e-01]
 [ -1.23562033e+00  -1.04848393e+00   4.02348969e-01  -3.67075752e-01
    0.00000000e+00  -4.05509838e-01  -5.96684302e-01]]
Electronic energy =  -84.2893104368
Sorted Orbital Energies
[[-20.23822026   0.           0.           0.           0.           0.
    0.        ]
 [  0.          -1.27414559   0.           0.           0.           0.
    0.        ]
 [  0.           0.          -0.62798079   0.           0.           0.
    0.        ]
 [  0.           0.           0.          -0.45108625   0.           0.
    0.        ]
 [  0.           0.           0.           0.          -0.39126686   0.
    0.        ]
 [  0.           0.           0.           0.           0.           0.61734046
    0.        ]
 [  0.           0.           0.           0.           0.           0.
    0.76350058]]

Coefficients Sorted
[[  9.89824805e-01  -1.27186005e-01   8.60846787e-16   4.50494286e-02
    0.00000000e+00   4.51787976e-02  -6.55460337e-16]
 [  1.40984605e-01   8.16879645e-01  -5.55153572e-15  -3.78257219e-01
    0.00000000e+00  -4.12010272e-01   8.30413392e-15]
 [  2.76998167e-17  -2.12781145e-17   7.43041387e-01  -9.75647296e-15
    0.00000000e+00  -1.77108685e-14  -6.69245469e-01]
 [  2.34142181e-03   1.43747170e-01   1.01681154e-14   8.54677722e-01
    0.00000000e+00  -4.98855952e-01   1.08212762e-14]
 [  0.00000000e+00   0.00000000e+00   0.00000000e+00   0.00000000e+00
    1.00000000e+00   0.00000000e+00   0.00000000e+00]
 [  1.35039560e-02   3.84621969e-01   4.73228009e-01   2.49417339e-01
    0.00000000e+00   5.38214247e-01   5.25409603e-01]
 [  1.35039560e-02   3.84621969e-01  -4.73228009e-01   2.49417339e-01
    0.00000000e+00   5.38214247e-01  -5.25409603e-01]]
Updating Density Matrix
Density Matrix
[[  2.10565347e+00  -4.42351717e-01   1.20669501e-15   1.08500428e-01
    0.00000000e+00  -3.06969048e-02  -3.06969048e-02]
 [ -4.42351717e-01   1.95215134e+00  -2.75364640e-15  -6.21661876e-01
    0.00000000e+00  -2.64749461e-02  -2.64749461e-02]
 [  1.20669501e-15  -2.75364640e-15   7.32896415e-01   8.14430177e-16
    0.00000000e+00   5.36231305e-01  -5.36231305e-01]
 [  1.08500428e-01  -6.21661876e-01   8.14430177e-16   1.26486289e+00
    0.00000000e+00   4.67258601e-01   4.67258601e-01]
 [  0.00000000e+00   0.00000000e+00   0.00000000e+00   0.00000000e+00
    2.00000000e+00   0.00000000e+00   0.00000000e+00]
 [ -3.06969048e-02  -2.64749461e-02   5.36231305e-01   4.67258601e-01
    0.00000000e+00   5.90280021e-01  -1.94398433e-01]
 [ -3.06969048e-02  -2.64749461e-02  -5.36231305e-01   4.67258601e-01
    0.00000000e+00  -1.94398433e-01   5.90280021e-01]]
Testing Convergence
Found rms value of  3.84983606454e-07
Total electronic Energy:  -84.2893104368
Total Energy:   -74.9598548947
Density matrix not converged:
Fill it up again, I'm gonna do one more
Beginning Iteration number  7
-----------------------------




Computing G matrix
[[  1.25082802e+01   2.45385991e+00  -1.95590072e-16  -1.04808933e-02
    0.00000000e+00   5.74394260e-01   5.74394260e-01]
 [  2.45385991e+00   6.90019476e+00   2.22044605e-16   9.38135521e-02
    0.00000000e+00   2.78344373e+00   2.78344373e+00]
 [ -1.93855348e-16   2.15105711e-16   7.30336810e+00  -1.27935856e-16
    0.00000000e+00   1.68242868e+00  -1.68242868e+00]
 [ -1.04808933e-02   9.38135521e-02  -1.33140027e-16   7.20493123e+00
    0.00000000e+00   1.27876379e+00   1.27876379e+00]
 [  0.00000000e+00   0.00000000e+00   0.00000000e+00   0.00000000e+00
    7.07870308e+00   0.00000000e+00   0.00000000e+00]
 [  5.74394260e-01   2.78344373e+00   1.68242868e+00   1.27876379e+00
    0.00000000e+00   4.53640331e+00   1.23930147e+00]
 [  5.74394260e-01   2.78344373e+00  -1.68242868e+00   1.27876379e+00
    0.00000000e+00   1.23930147e+00   4.53640331e+00]]

Computing Fock Matrix
[[ -2.02292345e+01  -5.16287377e+00  -1.95590072e-16  -2.97371357e-02
    0.00000000e+00  -1.23561657e+00  -1.23561657e+00]
 [ -5.16287377e+00  -2.44961747e+00   2.22044605e-16  -1.31458558e-01
    0.00000000e+00  -1.04851303e+00  -1.04851303e+00]
 [ -1.93855348e-16   2.15105711e-16  -3.31242146e-01  -1.27935856e-16
    0.00000000e+00  -4.02341343e-01   4.02341343e-01]
 [ -2.97371357e-02  -1.31458558e-01  -1.33140027e-16  -3.58601872e-01
    0.00000000e+00  -3.67012520e-01  -3.67012520e-01]
 [  0.00000000e+00   0.00000000e+00   0.00000000e+00   0.00000000e+00
   -3.91190678e-01   0.00000000e+00   0.00000000e+00]
 [ -1.23561657e+00  -1.04851303e+00  -4.02341343e-01  -3.67012520e-01
    0.00000000e+00  -5.96686885e-01  -4.05448239e-01]
 [ -1.23561657e+00  -1.04851303e+00   4.02341343e-01  -3.67012520e-01
    0.00000000e+00  -4.05448239e-01  -5.96686885e-01]]
Electronic energy =  -84.2893128524
Sorted Orbital Energies
[[-20.23813133   0.           0.           0.           0.           0.
    0.        ]
 [  0.          -1.27406348   0.           0.           0.           0.
    0.        ]
 [  0.           0.          -0.62790959   0.           0.           0.
    0.        ]
 [  0.           0.           0.          -0.45115      0.           0.
    0.        ]
 [  0.           0.           0.           0.          -0.39119068   0.
    0.        ]
 [  0.           0.           0.           0.           0.           0.61729948
    0.        ]
 [  0.           0.           0.           0.           0.           0.
    0.76362382]]

Coefficients Sorted
[[  9.89824664e-01  -1.27180375e-01   4.22810093e-16   4.50466675e-02
    0.00000000e+00   4.52004932e-02  -5.84389084e-16]
 [  1.40985612e-01   8.16824317e-01  -2.18919982e-15  -3.78194586e-01
    0.00000000e+00  -4.12177081e-01   7.51712681e-15]
 [  2.29363434e-17  -9.75707407e-17   7.42948312e-01  -3.76431921e-15
    0.00000000e+00  -1.82552867e-14  -6.69348792e-01]
 [  2.34128778e-03   1.43804936e-01   4.24964166e-15   8.54833623e-01
    0.00000000e+00  -4.98572096e-01   9.22420973e-15]
 [  0.00000000e+00   0.00000000e+00   0.00000000e+00   0.00000000e+00
    1.00000000e+00   0.00000000e+00   0.00000000e+00]
 [  1.35038914e-02   3.84670851e-01   4.73301070e-01   2.49197842e-01
    0.00000000e+00   5.38280983e-01   5.25343790e-01]
 [  1.35038914e-02   3.84670851e-01  -4.73301070e-01   2.49197842e-01
    0.00000000e+00   5.38280983e-01  -5.25343790e-01]]
Updating Density Matrix
Density Matrix
[[  2.10562846e+00  -4.42207384e-01   1.13221651e-15   1.08498243e-01
    0.00000000e+00  -3.07946771e-02  -3.07946771e-02]
 [ -4.42207384e-01   1.95134282e+00  -2.83934650e-15  -6.21511976e-01
    0.00000000e+00  -2.59622752e-02  -2.59622752e-02]
 [  1.13221651e-15  -2.83934650e-15   7.32558695e-01   1.55755676e-15
    0.00000000e+00   5.36251008e-01  -5.36251008e-01]
 [  1.08498243e-01  -6.21511976e-01   1.55755676e-15   1.26562874e+00
    0.00000000e+00   4.66961618e-01   4.66961618e-01]
 [  0.00000000e+00   0.00000000e+00   0.00000000e+00   0.00000000e+00
    2.00000000e+00   0.00000000e+00   0.00000000e+00]
 [ -3.07946771e-02  -2.59622752e-02   5.36251008e-01   4.66961618e-01
    0.00000000e+00   5.90216041e-01  -1.94881850e-01]
 [ -3.07946771e-02  -2.59622752e-02  -5.36251008e-01   4.66961618e-01
    0.00000000e+00  -1.94881850e-01   5.90216041e-01]]
Testing Convergence
Found rms value of  6.85918186543e-08
Total electronic Energy:  -84.2893128524
Total Energy:   -74.9598573104
Density matrix not converged:
Fill it up again, I'm gonna do one more
Beginning Iteration number  8
-----------------------------




Computing G matrix
[[  1.25083181e+01   2.45386106e+00  -1.19262239e-16  -1.04773789e-02
    0.00000000e+00   5.74395971e-01   5.74395971e-01]
 [  2.45386106e+00   6.90024881e+00   3.81639165e-16   9.38120875e-02
    0.00000000e+00   2.78343257e+00   2.78343257e+00]
 [ -1.19695920e-16   3.85108612e-16   7.30347612e+00  -6.70904304e-16
    0.00000000e+00   1.68243286e+00  -1.68243286e+00]
 [ -1.04773789e-02   9.38120875e-02  -6.71771666e-16   7.20480076e+00
    0.00000000e+00   1.27879079e+00   1.27879079e+00]
 [  0.00000000e+00   0.00000000e+00   0.00000000e+00   0.00000000e+00
    7.07873445e+00   0.00000000e+00   0.00000000e+00]
 [  5.74395971e-01   2.78343257e+00   1.68243286e+00   1.27879079e+00
    0.00000000e+00   4.53640472e+00   1.23933072e+00]
 [  5.74395971e-01   2.78343257e+00  -1.68243286e+00   1.27879079e+00
    0.00000000e+00   1.23933072e+00   4.53640472e+00]]

Computing Fock Matrix
[[ -2.02291966e+01  -5.16287263e+00  -1.19262239e-16  -2.97336214e-02
    0.00000000e+00  -1.23561485e+00  -1.23561485e+00]
 [ -5.16287263e+00  -2.44956342e+00   3.81639165e-16  -1.31460022e-01
    0.00000000e+00  -1.04852419e+00  -1.04852419e+00]
 [ -1.19695920e-16   3.85108612e-16  -3.31134121e-01  -6.70904304e-16
    0.00000000e+00  -4.02337162e-01   4.02337162e-01]
 [ -2.97336214e-02  -1.31460022e-01  -6.71771666e-16  -3.58732345e-01
    0.00000000e+00  -3.66985521e-01  -3.66985521e-01]
 [  0.00000000e+00   0.00000000e+00   0.00000000e+00   0.00000000e+00
   -3.91159308e-01   0.00000000e+00   0.00000000e+00]
 [ -1.23561485e+00  -1.04852419e+00  -4.02337162e-01  -3.66985521e-01
